259.972 267.199 288.541 33.6164
260.067 324.888 710.863 36.0336
260.277 337.79 453.416 20.1358
260.12 424.633 302.53 36.7109
259.962 431.408 568.53 35.5505
260.282 453.338 396.095 36.627
259.818 532.201 646.424 16.4072
260.104 546.225 382.105 8.72082
260.118 617.683 275.074 36.5915
260.019 625.069 417.66 54.8729
260.234 640.262 525.761 7.41092
260.35 654.356 317.673 49.7514
259.896 689.598 281.9 42.1412
260.016 696.827 425.043 28.1474
267.421 260.758 725.308 18.3109
266.89 295.713 310.061 25.2164
266.107 309.993 439.684 17.2241
265.783 367.459 439.105 3.25311
267.433 389.086 581.593 18.5255
267.36 496.088 345.96 14.1861
267.994 496.378 461.003 29.5536
267.615 546.984 632.146 7.60691
266.716 575.013 619.008 14.4696
267.953 589.516 575.452 36.9211
267.197 596.28 647.095 35.0383
267.12 646.973 732.732 36.3892
267.546 675.516 296.173 34.0423
267.843 676.197 511.146 57.0613
267.387 675.259 689.515 38.9499
267.588 710.703 517.254 20.1634
267.799 725.227 260.542 66.6678
274.281 323.443 696.831 23.7762
275.432 381.543 482.474 29.8707
274.46 403.073 396.784 19.2788
274.282 459.902 330.943 10.2393
274.025 489.579 704.552 22.5137
274.785 532.154 311.166 21.3737
274.193 582.611 668.124 25.984
274.472 603.575 582.332 20.8045
274.079 617.944 375.143 34.0957
274.717 618.612 431.935 30.2424
274.233 625.554 697.612 45.2145
274.295 632.655 396.158 20.2828
274.952 675.583 532.335 35.1691
274.61 689.569 560.858 22.1077
274.832 732.759 568.078 12.0595
281.805 274.793 317.659 41.1414
281.859 281.399 574.838 36.6089
282.507 310.719 675.602 22.8763
281.232 367.219 503.309 14.7478
281.867 381.491 625.306 18.3968
280.99 403.623 589.244 32.4923
281.689 518.115 575.787 14.2008
281.636 596.186 696.711 26.9832
281.687 604.036 310.754 35.5016
282.323 603.236 674.892 31.7832
281.741 618.197 268.139 24.7232
281.006 645.887 410.83 25.4659
282.236 696.665 696.316 25.8937
281.278 732.097 725.276 22.4166
288.276 288.731 610.961 26.0926
289.441 295.45 324.278 35.2919
288.346 447.38 497.466 26.1592
288.665 461.012 389.645 25.1791
289.305 503.713 318.747 22.2425
288.88 525.483 382.03 19.7068
288.258 538.966 452.795 24.1685
288.692 589.253 452.958 13.8937
288.418 646.871 431.603 17.3461
289.087 655.016 611.15 17.4718
288.342 710.849 510.541 17.8596
289.169 731.721 267.632 20.5164
295.663 260.094 296.076 43.2555
296.409 273.803 546.668 29.4521
296.376 302.661 718.217 27.5299
295.906 368.012 274.918 19.0774
296.074 431.49 538.762 13.9361
296.369 432.373 725.498 25.2618
296.007 496.21 475.306 25.2835
295.975 546.703 482.097 31.2531
296.786 553.771 360.026 14.4092
295.643 589.084 338.045 46.4863
295.403 597.23 418.363 19.6646
296.093 617.858 381.864 19.0784
296.685 617.964 568.381 12.2357
296.28 631.674 467.638 15.71
295.333 668.753 539.147 15.4496
302.919 360.598 481.878 5.14487
302.387 403.635 288.193 29.5669
303.726 410.846 575.484 20.4085
303.305 446.714 503.634 23.019
303.266 468.227 353.696 19.2267
302.988 467.382 503.07 24.4242
302.251 467.856 732.643 41.8252
302.802 568.213 452.947 26.1881
302.781 575.356 288.807 30.9679
303.427 574.979 403.174 10.6904
302.903 582.492 317.105 27.717
303.348 610.897 711.298 35.8711
303.287 646.235 696.985 17.8065
302.412 654.776 310.838 28.5594
302.639 718.47 682.844 18.5085
309.939 281.98 568.467 51.4598
310.832 382.105 575.041 14.7486
310.231 396.92 668.145 17.6324
309.56 410.065 482.033 13.3272
310.376 424.966 682.297 26.1636
310.014 432.215 517.819 16.6769
309.985 446.048 725.344 26.8455
310.046 459.971 632.345 25.335
311.481 490.157 267.989 25.2908
310.189 496.821 288.739 25.4048
310.544 532.415 375.088 18.8281
310.255 545.857 553.455 16.856
310.692 589.329 611.341 25.8243
310.325 618.544 281.425 43.272
309.441 632.316 725.057 8.03862
311.203 654.31 603.881 15.2753
317.771 267.836 346.009 25.3081
317.032 267.517 496.536 24.0495
317.256 281.809 625.347 22.1787
317.444 289.156 639.135 24.0975
317.573 310.448 653.721 22.0438
317.009 338.718 482.496 16.9638
317.341 345.644 646.324 6.12139
317.29 403.459 617.605 28.479
317.524 424.468 711.083 16.8889
317.787 467.037 596.053 22.9145
317.826 474.242 481.899 24.7305
317.103 532.702 345.699 17.397
316.592 553.616 302.909 20.2192
317.556 567.685 682.86 34.3746
317.14 574.351 259.705 41.0543
317.528 582.122 690.037 15.3637
316.793 596.938 275.041 36.5673
317.335 603.72 389.422 18.1335
317.54 610.875 632.509 18.0299
317.22 632.064 597.302 36.3145
317.72 668.108 653.751 14.1879
316.914 682.559 331.301 12.7917
325.206 317.721 353.13 16.8222
324.599 324.652 417.406 8.01536
323.887 331.868 626.415 25.2219
324.567 382.084 331.094 19.8334
324.093 410.511 331.632 22.3087
324.168 432.551 288.93 16.651
325.599 452.947 431.756 12.0263
325.307 460.463 718.923 18.7139
324.513 488.746 417.935 23.4025
324.637 510.319 732.74 9.74245
323.696 518.705 268.193 25.003
324.559 603.346 410.24 9.66867
324.665 669.598 360.665 12.8852
332.118 281.785 568.117 40.1881
331.954 289.051 483.088 33.9215
330.871 302.987 397.32 27.1974
331.658 316.865 675.059 21.3944
332.402 374.08 489.81 22.3474
331.241 424.157 540.044 14.1433
331.485 460.528 618.92 16.1317
332.62 510.813 524.487 35.3402
332.264 517.577 510.727 34.8007
331.263 610.637 561.483 33.6758
331.667 625.369 274.321 36.2251
331.019 725.534 288.07 36.027
339.53 260.467 681.76 23.3126
339.094 281.368 589.264 43.332
339.34 296.763 332.25 21.0417
338.472 353.319 446.266 16.6311
339.228 417.55 618.415 38.2186
338.413 424.59 639.88 15.3365
339.383 432.056 575.051 18.4643
338.365 553.349 725.202 15.6585
338.469 582.665 524.852 12.5366
338.731 619.565 482.057 16.0265
338.919 653.25 274.904 42.1838
338.62 655.012 403.756 25.2732
338.06 668.245 303.534 14.8978
338.701 675.304 316.904 30.9785
338.797 703.624 696.62 13.2483
339.456 711.293 382.151 9.13776
338.426 718.207 732.621 37.1504
345.456 274.2 660.92 25.3184
345.94 310.852 503.965 15.9245
347.065 361.037 597.097 18.1881
346.154 404.522 259.294 24.926
345.574 431.736 288.526 21.0643
345.192 452.931 332.116 22.0982
346.221 603.494 632.782 14.5816
346.491 603.574 732.416 23.803
345.573 617.825 417.942 11.2759
346.353 639.339 489.363 22.0407
346.295 682.529 410.881 26.3776
346.322 697.536 561.314 10.6795
345.878 732.795 675.777 34.4743
353.101 374.608 310.408 20.8461
353.57 374.94 381.419 4.30704
352.958 403.198 424.574 20.4913
353.381 446.069 589.905 20.4216
353.405 467.211 282.166 21.3803
352.727 510.741 409.779 11.1407
353.479 568.671 581.557 16.0099
353.113 639.302 518.15 19.4739
353.16 689.553 489.135 19.5283
360.003 338.452 296.028 22.0619
360.144 360.608 439.19 16.8581
360.627 395.768 411.025 21.9626
360.729 439.173 660.674 24.6433
360.273 460.635 683.497 14.4874
360.48 525.069 546.448 21.8987
360.156 524.83 567.982 23.5216
360.524 531.736 503.656 17.8133
360.063 538.837 553.243 4.22115
360.698 597.218 502.921 19.5547
360.384 618.431 668.27 31.3732
360.875 624.216 489.295 21.4356
360.736 682.665 353.548 24.2966
359.738 732.082 368.165 22.0544
367.71 324.387 639.869 8.08669
367.477 346.04 275.079 38.2169
367.141 367.11 583.07 21.8613
368.395 367.161 704.118 10.053
367.957 388.7 337.978 21.3798
367.746 395.995 317.641 33.1023
367.576 417.772 331.912 32.2959
368.283 424.476 424.56 16.8952
368.108 560.654 309.959 6.86413
367.675 640.234 410.704 25.1661
367.536 653.501 646.933 13.95
367.16 696.45 425.69 12.3265
366.863 718.416 389.582 30.8269
367.442 717.789 711.681 37.5959
375.06 267.097 683.193 31.2121
374.644 296.474 510.61 8.61486
374.512 317.751 574.962 27.3249
374.505 360.395 617.732 24.7068
374.865 381.116 267.469 38.5043
375.012 425.035 346.159 25.9365
375.077 432.588 682.329 23.7853
373.864 453.015 703.764 22.1765
374.447 460.263 295.483 26.7062
374.763 511.514 560.639 18.8217
374.32 574.666 589.551 41.7325
375.562 625.332 539.381 19.5574
381.968 288.634 489.36 31.9631
381.786 303.091 546.298 25.5436
382.412 354.03 347.161 11.9024
381.059 425.319 575.314 19.3372
381.786 618.557 281.818 21.7529
381.556 624.946 510.298 27.8143
382.145 689.524 318.2 11.2469
388.965 281.842 718.799 30.8516
388.631 288.876 632.641 28.721
389.291 310.073 474.915 53.0268
389.239 388.809 402.639 11.9429
389.101 402.95 725.516 26.0609
389.68 417.539 461.622 10.3032
389.667 425.736 375.536 17.1488
388.775 425.95 660.944 17.8952
389.318 439.074 260.194 39.9927
388.394 452.686 531.905 17.5071
389.443 617.544 667.733 9.10528
388.377 646.578 367.753 21.3884
388.586 731.872 711.121 6.44109
389.205 739.321 367.535 24.7672
396.552 260.578 725.398 30.5892
396.036 281.279 439.681 30.8325
396.182 288.504 467.91 26.8756
395.924 302.51 545.913 10.7504
396.115 345.82 495.369 14.2937
396.45 402.258 388.994 16.7822
395.746 410.126 295.626 45.3401
395.915 417.339 539.173 10.1589
395.842 432.218 424.13 19.6862
395.804 533.108 382.231 16.6073
396.067 531.812 403.096 20.1728
403.434 288.55 496.328 26.7583
402.908 295.89 726.128 12.5971
402.697 302.801 468.29 26.5828
403.743 361.136 682.248 19.5066
403.047 375.177 454.305 10.6934
403.223 432.43 303.139 41.7128
403.549 454.043 289.099 32.5999
402.682 639.876 382.16 34.1968
403.796 654.456 582.113 9.33445
403.588 718.007 525.635 25.3482
410.472 339.073 274.106 16.8128
410.372 360.227 317.183 22.3339
410.603 467.668 554.078 14.1092
410.647 646.655 660.489 17.1724
410.351 711.186 438.951 1.71006
417.278 266.602 309.492 43.7824
417.63 296.283 703.949 21.2794
418.551 310.109 495.79 20.543
418.171 424.309 718.571 23.7872
418.055 453.625 509.96 13.5317
418.426 496.157 731.644 23.3795
417.096 739.425 331.658 27.174
425.122 267.616 460.241 37.6082
424.569 317.435 445.409 45.3045
425.82 324.423 425.171 23.5765
425.228 367.293 511.098 16.6923
425.11 410.998 317.385 4.35903
425.022 416.698 374.958 9.81847
425.108 474.843 316.109 19.0303
424.415 518.077 288.714 16.3056
424.742 539.239 696.671 11.443
425.019 625.535 282.144 24.2103
424.57 625.42 325.71 15.1438
424.863 675.438 295.68 18.9219
424.452 676.106 331.623 27.4883
431.929 275.283 611.44 16.5982
431.619 281.77 281.073 24.8414
432.676 332.259 281.055 24.0584
432.088 331.69 396.239 32.0347
432.794 367.474 367.792 17.7749
432.12 382.187 553.1 25.4266
432.018 446.45 274.217 25.1621
432.4 461.114 581.787 28.9586
432.388 474.571 553.3 41.5581
432.221 488.908 604.204 21.4957
431.682 496.341 632.381 16.9152
432.566 503.578 525.63 14.9667
432.237 517.412 603.882 17.5781
432.134 639.488 504.102 9.6937
431.793 689.988 332.16 15.7186
432.074 689.218 418.039 18.3129
439.992 389.008 590.749 10.034
439.133 417.202 596.06 15.0587
439.29 425.407 259.756 32.0152
438.726 424.569 424.45 23.2636
438.822 460.534 381.375 20.9486
438.934 474.462 310.159 30.8924
439.59 597.135 725.12 3.31116
439.942 626.024 531.652 32.4835
438.878 668.46 589.237 27.1534
439.346 689.318 732.697 17.1945
446.378 266.978 425.042 69.2528
446.904 389.428 360.812 18.923
445.776 402.337 474.567 18.2982
446.521 403.18 596.825 22.4426
446.346 431.799 338.947 21.4421
445.171 439.7 503.992 25.049
445.88 439.245 575.171 39.2785
446.251 481.594 461.123 23.07
446.219 561.311 366.912 18.2581
446.137 567.806 675.123 21.5335
446.36 618.656 567.982 14.562
445.754 638.718 617.649 5.74527
446.32 661.091 409.978 31.1187
453.019 273.365 316.386 20.2582
454.157 274.115 661.153 18.9074
453.013 281.965 697.754 25.9879
453.635 316.787 683.007 16.1173
453.469 331.671 732.573 18.8405
453.348 339.502 267.489 31.6604
453.153 339.508 639.232 25.8342
453.231 353.581 288.301 4.86785
454.608 389.553 682.374 11.7243
453.169 396.394 424.659 25.1204
454.337 403.75 732.822 30.2203
453.586 410.085 317.429 19.2678
453.152 474.632 395.959 14.3053
453.379 546.729 711.989 11.3294
453.504 589.352 403.667 12.4171
452.646 646.808 532.114 13.4476
453.333 653.665 725.325 25.4183
460.762 374.833 418.184 30.5415
461.289 375.184 675.648 23.4891
460.44 402.825 674.887 10.5539
460.283 409.72 389.759 10.3135
461.211 453.601 460.464 24.5355
460.956 488.17 281.341 22.9583
460.264 503.455 518.118 4.73013
460.38 618.301 281.377 19.1593
460.693 624.865 317.875 14.8275
460.563 653.945 353.534 30.532
460.702 688.609 395.98 15.4173
460.578 704.638 496.533 13.8993
460.464 711.039 475.044 20.2763
467.368 266.073 639.965 24.6307
467.029 274.143 711.151 5.79911
466.797 289.636 589.32 16.2911
467.457 296.184 668.149 32.176
467.607 353.108 559.735 19.8031
467.672 389.124 375.207 14.7024
467.964 388.953 610.678 18.6047
467.989 390.417 732.969 17.7719
467.636 410.413 568.46 12.9329
467.6 439.081 603.945 17.3766
467.512 474.875 532.131 32.0458
467.661 474.862 567.738 46.7703
467.192 482.497 482.053 23.6734
467.914 517.635 331.106 23.8357
467.532 597.042 482.56 11.8677
467.954 611.492 331.562 27.2848
467.954 625.059 439.021 16.1453
467.489 625.817 718.496 15.1514
466.58 675.434 333.163 11.1685
467.425 710.91 682.976 16.8467
474.108 324.28 446.371 29.1758
474.313 332.059 424.419 20.4904
474.728 331.182 604.336 12.7484
475.433 331 646.372 27.8316
474.879 345.553 274.609 22.129
474.26 360.147 417.888 21.9988
475.756 410.328 466.983 5.94571
474.82 417.489 424.67 27.8593
474.305 453.55 460.598 16.1568
475.325 468.019 295.645 17.2735
475.072 582.173 410.348 29.5994
474.52 653.79 718.31 38.1744
475.065 682.481 611.142 32.8005
482.289 367.627 674.781 28.1327
482.285 475.318 323.875 12.2285
481.722 496.756 539.639 32.5955
482.284 625.613 618.251 31.1258
482.529 646.297 331.037 20.3447
481.311 653.653 582.644 23.0961
482.22 661.584 625.134 42.2121
482.123 689.352 431.793 21.4672
481.978 704.003 531.49 19.0198
482.032 711.367 453.624 29.3175
488.804 260.04 432.83 34.7395
489.402 303.215 682.875 28.8166
489.427 317.166 518.132 4.9065
488.845 345.794 689.762 31.657
488.941 353.213 453.622 12.9206
489.87 381.529 495.984 22.759
489.581 411.502 425.267 13.0789
489.187 453.576 295.278 19.8346
489.508 524.125 589.845 19.443
489.345 589.337 374.764 12.4052
489.641 590.194 639.751 25.4762
488.797 596.2 453.232 35.9969
488.966 603.452 353.19 33.1689
488.807 610.686 424.263 34.368
489.482 646.38 381.529 11.8757
489.397 674.877 509.845 5.06342
489.969 689.668 332.446 16.0807
489.056 703.343 424.856 14.8687
489.308 704.526 639.433 19.0712
489.56 718.558 474.725 18.396
496.706 281.918 431.87 27.4311
496.902 353.604 661.078 31.0201
496.232 389.895 575.602 10.9125
496.988 531.84 646.866 30.2376
496.296 561.505 675.237 20.2306
496.644 568.523 396.294 30.8142
497.323 682.586 302.72 27.554
504.424 303.646 632.553 0.765454
503.721 310.497 661.218 34.1186
504.484 352.641 632.919 25.4137
503.294 468.275 453.597 23.452
503.819 482.075 481.389 1.66941
503.759 482.079 703.152 24.2778
503.532 518.1 381.915 17.2657
503.771 546.317 289.019 15.3796
502.836 568.083 339.053 7.05345
504.407 567.346 718.521 9.05661
504.319 632.354 453.749 43.8733
503.898 675.217 282.479 7.96206
504.108 675.255 418.455 34.2378
511.178 282.195 331.813 19.4195
510.029 374.972 488.881 24.1865
510.698 395.276 511.016 1.69876
510.288 410.824 388.922 10.3708
510.813 474.805 324.729 23.9308
510.707 496.89 518.491 24.5864
510.956 525.149 402.767 24.998
510.368 574.897 424.646 5.72328
511.679 575.1 633.156 19.4426
511.18 596.45 453.879 37.8379
511.166 596.38 733.103 29.9681
511.424 603.894 296.509 16.9651
511.149 610.819 611.261 22.5723
510.307 625.191 324.84 31.8503
510.256 653.749 281.706 10.3299
511.156 667.861 438.657 27.7369
511.04 696.986 447.321 22.0804
510.329 704.606 646.64 13.9233
510.479 712.122 482.653 32.1828
518.267 273.884 360.176 23.3673
517.617 303.136 367.559 8.03322
517.464 373.775 696.733 13.3885
517.879 424.214 438.682 20.7913
517.985 446.262 539.453 24.9446
518.089 488.807 267.48 19.5381
517.621 531.941 711.052 27.4722
517.59 682.316 395.859 32.8118
517.828 696.378 689.683 29.1595
524.638 266.521 453.672 23.2317
525.171 267.393 711.002 23.3291
525.225 303.516 596.861 15.5712
525.317 318.108 332.162 19.6343
525.086 324.76 654.088 47.9266
524.651 331.835 625.574 45.0844
526.002 338.974 410.858 12.4777
525.058 410.833 317.632 5.70838
524.657 502.963 525.15 31.8598
525.309 575.515 639.57 5.26866
524.083 596.381 545.69 10.739
525.012 625.644 617.614 28.1171
525.047 647.704 553.745 12.5966
524.416 682.268 352.463 6.65045
524.684 718.792 460.486 21.3504
532.628 260.306 739.947 46.7736
531.422 281.29 381.988 16.9992
532.621 281.519 682.532 20.7298
532.026 303.639 439.084 9.93681
532.092 323.917 345.998 20.3548
532.068 324.108 596.466 22.6279
532.043 389.496 545.496 21.4847
532.462 539.882 653.8 18.0438
531.898 668.242 682.33 21.2633
531.819 683.011 568.321 19.4784
531.923 718.286 381.48 14.444
532.149 740.207 382.28 18.2415
539.25 281.467 295.626 11.4105
538.937 311.136 353.715 28.6246
538.867 310.017 503.333 0.520333
540.063 403.227 524.448 15.6261
539.948 431.615 397.362 5.0325
539.377 510.52 288.745 51.3265
539.296 568.237 509.531 17.0013
539.8 610.72 417.771 25.0116
539.83 646.761 295.668 12.0497
538.769 682.788 474.631 7.56398
546.585 281.821 281.475 49.4613
546.963 411.688 396.05 21.4654
547.704 496.56 553.173 20.8871
547.038 546.249 504.226 19.2808
546.347 597.219 596.728 17.4589
545.985 618.743 397.048 17.3695
546.435 653.687 704.531 29.2781
546.54 675.89 367.484 25.6955
546.395 681.936 281.154 28.0842
546.761 704.203 510.769 19.1309
545.993 712.11 453.996 21.4944
546.176 718.916 475.103 29.7782
547.225 732.594 275.19 41.1725
553.127 324.532 353.19 17.2955
554.269 331.837 712.436 23.5399
553.357 352.875 273.099 19.2244
553.223 352.85 732.132 23.9644
553.504 388.982 603.778 12.2128
553.909 438.7 324.465 19.1765
553.344 497.083 668.301 29.0022
553.151 517.042 475.153 8.75296
553.209 567.758 689.342 27.1515
553.003 582.802 431.453 17.0514
553.888 647.557 481.767 23.1219
553.631 661.324 417.86 39.8385
553.682 690.19 503.114 18.1537
561.316 260.335 338.822 51.2101
560.62 259.607 382.422 31.5479
560.373 289.003 331.546 31.2257
560.663 295.169 268.002 25.7922
560.26 295.875 646.522 27.4705
559.893 324.465 646.645 28.8964
561.5 345.485 317.282 14.5482
560.895 396.179 259.955 16.3628
560.098 460.956 389.453 19.2548
560.654 474.786 296.31 23.5311
561.281 496.527 389.912 26.114
561.315 525.33 524.919 22.8234
560.716 538.445 339.088 19.645
561.675 546.229 632.487 22.2725
560.771 575.161 668.129 21.6214
561.438 610.689 431.272 24.7051
561.098 611.484 725.363 32.8306
560.856 618.094 317.987 29.542
560.692 639.468 411.171 24.4583
561.418 667.861 288.689 32.1188
560.812 668.659 489.614 21.1533
561.051 733.014 368.061 20.1127
568.251 288.742 310.585 64.468
568.368 417.414 647.103 18.6665
567.149 474.78 718.335 6.17073
567.717 503.35 704.45 19.8923
568.051 588.848 518.279 11.2838
567.845 596.251 682.614 37.7691
568.398 654.755 653.224 18.5521
568.473 688.658 260.235 30.8402
568.005 689.283 388.832 15.1714
574.718 396.633 632.312 32.6774
574.349 403.444 460.551 27.5766
574.699 403.331 489.375 3.40209
575.909 467.797 525.803 14.4459
575.626 481.716 596.331 19.594
575.185 617.985 711.118 15.8566
574.587 633.001 452.671 21.2383
574.926 660.653 689.107 8.9081
575.626 704.34 553.672 18.6293
574.75 733.707 467.967 27.2455
574.919 739.805 446.488 28.575
582.319 323.846 467.687 10.7828
581.664 374.968 346.503 13.2722
581.971 417.907 661.473 18.3527
583.194 446.489 740.02 33.5676
582.712 475.069 302.489 27.9341
582.894 503.167 682.579 15.3898
582.417 517.129 317.112 37.3065
582.419 517.438 359.79 27.7971
583.102 546.839 310.895 19.0786
581.878 625.547 418.966 23.0919
581.953 646.621 396.998 19.8939
589.923 360.357 568.248 17.8228
589.56 382.41 425.072 25.7188
589.23 553.52 324.475 20.7807
590.609 568.449 704.231 21.7906
590.615 582.245 309.529 13.5233
589.325 582.37 674.768 19.9987
589.301 590.089 511.386 4.64089
589.208 611.406 317.446 7.30296
589.254 668.644 568.431 14.1387
590.254 725.429 646.265 9.18101
596.112 295.73 310.524 16.5384
595.909 295.856 653.719 16.8121
596.346 311.143 481.411 14.0905
596.873 317.363 588.699 5.33939
595.818 417.412 531.624 11.341
596.495 432.501 432.285 8.66739
597.086 431.962 611.243 22.6475
596.446 439.014 482.136 20.6016
596.729 453.053 273.679 21.7034
596.867 489.303 617.303 25.7138
596.791 496.279 360.089 6.95415
597.095 510.878 617.827 10.6891
596.595 517.815 596.55 17.7607
596.342 525.813 517.767 20.1212
596.667 661.861 281.735 17.6524
596.501 733.187 467.709 19.9227
603.924 274.676 553.305 18.6377
603.588 324.783 568.089 34.1853
603.662 338.741 539.47 21.625
603.911 395.751 403.989 21.2235
604.56 467.965 453.69 0.90172
603.842 504.009 346.451 19.6969
604.365 510.486 568.149 12.7222
603.652 511.005 725.817 11.5208
603.868 517.853 289.052 1.24354
604.075 532.197 317.826 48.1321
604.403 531.845 353.012 18.9583
603.123 553.449 703.669 26.4099
603.971 639.676 575.122 4.38062
610.339 266.951 288.017 38.9069
611.045 266.867 445.655 39.0332
611.2 289.035 417.684 20.6199
610.396 338.845 561.031 51.8652
611.823 653.865 461.133 14.0677
611.543 696.704 281.716 37.0942
617.632 274.788 539.262 14.74
617.915 288.191 272.905 33.0204
617.925 289.016 489.489 20.6212
618.659 338.937 582.286 32.6436
617.917 353.157 310.165 17.415
618.99 367.159 539.566 27.3572
618.492 431.824 410.487 37.0668
618.161 439.638 697.178 20.3486
618.174 689.801 489.413 16.2869
625.182 375.508 388.363 16.9306
625.419 375.246 439.673 36.2943
625.154 382.328 710.54 23.41
625.834 389.225 682.567 20.6778
624.937 403.532 662.151 22.5321
625.618 410.67 424.911 40.5549
625.898 425.278 740.351 5.72802
624.949 431.615 338.87 8.77654
625.295 446.145 675.483 22.9196
625.679 474.847 394.978 14.994
625.769 503.04 639.098 9.84475
625.081 510.35 281.715 33.1895
625.24 546.756 417.983 10.9029
625.341 547.13 675.878 14.1378
625.329 589.307 282.273 25.097
624.869 604.69 353.998 7.3497
625.011 639.089 568.774 14.9319
624.564 697.036 610.603 11.2453
625.235 704.339 310.022 23.8202
632.077 281.014 481.509 9.87849
632.262 367.907 689.412 13.2821
632.791 410.479 553.761 25.0009
632.534 417.393 446.657 23.5886
632.648 482.095 583.363 11.4073
632.259 524.915 596.921 19.1622
632.472 532.246 325.142 22.2601
632.473 561.058 681.823 12.2611
633.098 573.922 424.61 16.4587
632.245 589.609 438.901 12.006
632.153 661.567 510.945 39.8729
632.065 682.488 504.161 16.3729
632.557 718.281 404.134 20.1375
639.604 360.136 411.608 8.04171
639.301 367.773 575.049 43.7463
639.028 410.879 539.493 18.8764
639.859 438.57 346.244 1.10519
638.861 439.957 618.587 31.2926
640 453.904 733.179 17.4226
640.027 531.73 560.279 18.2429
639.44 546.402 282.489 46.9947
639.404 575.474 560.89 17.3535
640.072 589.283 316.777 15.2297
639.92 661.458 460.657 23.6319
638.659 689.735 303.355 14.5014
639.478 697.226 589.808 7.86827
646.737 259.933 675.936 27.7483
647.272 267.707 617.96 23.9286
646.695 339.007 581.8 26.7041
646.033 388.776 575.317 19.7692
647.395 424.676 418.175 37.5192
646.936 431.929 510.871 17.8291
647.335 474.353 611.055 23.2059
647.234 504.107 718.817 27.9666
646.372 618.267 510.698 20.9406
646.199 640.129 575.445 18.5501
647.352 646.789 439.137 23.7324
646.692 704.522 403.917 15.8925
653.303 303.301 561.351 20.6773
653.449 339.239 480.609 24.5785
653.991 360.736 280.863 21.8416
653.851 432.018 661.007 27.4918
653.966 446.268 367.47 18.0175
653.903 453.34 432.354 38.3619
653.54 474.369 517.164 16.9097
653.517 504.036 489.376 23.5252
653.915 517.969 697.174 28.6684
653.358 525.095 724.687 24.5345
653.546 538.725 317.23 28.4728
653.766 554.272 404.066 7.16217
653.158 590.068 288.605 40.3757
653.21 603.53 274.236 34.0464
654.391 682.643 517.684 13.8344
653.873 690.22 654.813 20.0362
653.466 717.341 582.907 18.965
660.756 373.679 466.887 2.99843
661.276 380.999 316.694 10.0139
661.002 404.221 474.605 19.2001
661.508 425.441 374.624 24.2537
661.254 432.879 725.877 28.2621
661.139 453.452 603.723 26.4497
660.194 524.867 274.769 28.3167
660.36 532.35 489.968 15.9885
661.191 561.084 690.251 16.9447
660.699 581.919 654.338 10.6555
661.134 632.294 274.133 40.6615
661.069 646.892 517.236 17.9598
661.332 646.233 560.558 36.4491
660.525 660.082 317.583 22.657
660.341 674.807 330.368 11.3007
661.097 675.422 460.774 23.1007
660.91 697.63 496.418 19.6436
661.098 697.776 697.382 7.60669
668.417 267.003 611.444 15.1095
667.363 274.336 267.536 31.762
668.011 310.1 625.124 15.054
668.135 346.021 395.47 13.4284
668.299 431.407 582.321 8.85412
667.923 468.28 453.529 6.78543
667.95 518.398 324.875 12.1925
669.352 596.055 725.274 13.2151
668.288 704.167 596.586 29.9508
667.868 710.338 268.157 41.2184
675.765 288.978 446.989 22.5396
675.764 310.659 382.257 25.18
675.161 317.136 567.773 15.4871
676.045 388.462 346.103 15.0052
675.384 404.206 632.838 15.6716
675.781 403.291 689.842 9.97599
676.138 410.304 645.768 18.697
674.575 417.757 481.871 17.1006
675.093 439.816 361.487 14.3347
675.769 467.045 518.288 19.7045
675.674 525.168 675.931 19.8652
675.63 546.285 404.097 36.961
674.711 575.051 697.123 12.4204
675.28 639.455 582.578 22.9315
675.794 647.296 288.487 23.712
682.917 274.368 625.379 28.9724
682.443 289.633 374.407 15.5039
683.33 324.931 676.711 20.9629
682.481 346.243 646.629 16.304
682.803 353.968 589.185 16.3856
682.931 374.487 273.622 25.3963
682.052 375.061 481.668 23.4487
682.802 403.455 417.473 21.865
683.111 424.815 302.529 43.9991
683.869 482.226 502.92 17.6277
682.526 538.608 324.923 12.8832
682.623 582.884 274.353 31.0566
682.586 633.294 561.119 32.3181
682.834 682.471 267.153 28.4516
689.571 524.894 439.272 12.3034
689.171 588.909 310.653 22.2417
689.612 632.852 496.474 21.16
690.143 661.316 395.846 17.6688
689.646 682.734 331.869 14.3368
697.702 359.386 308.936 22.7005
697.458 417.129 346.039 29.11
696.824 445.429 409.921 14.837
696.547 496.314 668.705 11.4928
696.447 532.461 704.984 17.4764
697.559 610.608 667.341 24.9229
696.322 639.973 288.734 42.6281
696.563 704.52 389.038 14.5858
696.191 725.036 597.307 16.5084
704.831 274.503 432.001 16.8929
703.943 288.601 489.283 10.5689
704.231 367.869 431.675 39.0711
703.673 417.35 416.789 21.7043
704.065 424.379 310.531 33.6058
703.715 424.758 453.43 25.98
703.797 431.5 661.339 14.3306
704.74 618.102 424.578 13.4118
704.441 626.023 588.779 8.40426
703.812 682.634 475.826 18.4167
704.292 690.026 545.922 17.5153
704.243 703.822 603.956 21.3169
703.808 718.369 532.933 18.0415
703.876 718.247 732.992 6.59851
704.246 740.236 389.053 44.5299
711.013 275.269 295.623 9.20668
710.981 281.427 475.094 23.8472
711.987 310.279 374.245 25.1778
710.363 317.405 711.474 10.9774
711.64 360.725 417.362 30.7161
710.721 417.457 281.52 19.9318
710.456 424.825 632.485 18.1797
710.716 482.058 396.102 14.2495
710.778 517.961 510.971 11.9734
711.24 538.669 310.48 16.8814
710.377 553.627 740.231 11.0088
711.911 560.504 388.95 18.5734
711.743 568.469 446.916 20.1639
712.143 604.244 496.737 18.7205
711.048 611.315 280.518 9.48543
711.299 625.52 317.378 23.7016
711.369 674.997 416.809 14.0251
711.056 710.898 704.21 9.76961
711.031 739.747 280.999 31.0451
717.507 267.743 667.978 19.1984
719.203 274.691 553.319 27.8188
718.601 324.265 353.482 33.4978
718.756 382.062 310.094 21.5973
718.438 439.087 473.984 21.8938
718.402 445.756 718.228 16.9674
718.865 504.162 489.116 27.064
719.122 510.45 467.565 19.1686
718.148 539.913 689.974 28.2231
718.787 669.118 568.579 21.9769
717.966 695.975 582.5 23.0054
718.022 739.72 703.056 7.56405
726.389 274.682 338.744 32.2839
725.16 288.418 381.404 17.6675
724.756 296.001 704.169 4.56937
725.785 303.113 296.034 20.0474
724.81 310.239 502.785 31.7785
726.062 332.097 438.995 13.9292
725.445 382.061 610.778 25.5497
725.862 453.074 453.499 23.1218
725.678 567.419 703.25 16.4483
726.127 596.287 389.563 6.37125
725.942 603.975 345.445 2.56102
725.25 610.486 604.514 8.06906
725.424 661.776 654.378 26.7163
725.38 718.317 310.699 22.7048
724.647 718.482 632.979 24.7445
731.417 281.734 295.194 33.8679
732.373 289.116 474.863 26.7895
732.418 374.078 453.555 30.8646
732.074 374.619 632.628 3.22352
732.22 382.284 274.83 17.6131
732.399 410.705 317.966 28.7566
732.698 453.15 281.687 29.6821
732.364 454.116 310.357 29.5951
732.802 539.415 447.071 24.6509
732.411 560.443 432.48 16.8389
732.858 561.012 496.288 45.2969
732.65 667.758 610.859 40.3058
732.944 682.48 618.692 31.3769
732.294 682.48 661.313 36.7198
732.687 697.294 489.257 16.5743
732.03 717.916 360.892 52.6244
740.108 324.34 475.552 37.891
740.348 345.659 360.929 41.1573
739.719 510.612 309.767 106.271
739.71 518.205 539.24 23.3207
739.809 554.475 395.745 40.2708
739.624 575.738 489.907 40.3184
739.255 690.149 682.701 11.5441
740.264 711.323 403.565 11.181
